(100*pi)

ans =

  314.1593

format rat
100*pi

ans =

   13823/44    

format short e
100*pi

ans =

  3.1416e+002

format long
100*pi

ans =

    3.141592653589793e+002

format long e
100*pi

ans =

    3.141592653589793e+002

format short g
100*pi

ans =

       314.16

format long g
100*pi

ans =

          314.159265358979

format bank
100*pi

ans =

        314.16

funkcje sin()
{??? Undefined function or method
'funkcje' for input arguments of type
'char'.
} 
sin()
{??? Error using ==> sin
Not enough input arguments.
} 
sin(pi)

ans =

          0.00

cos(3)

ans =

         -0.99

cos(pi/6)

ans =

          0.87

sin(pi/3)

ans =

          0.87

tan(pi/3)

ans =

          1.73

asin(pi/4)

ans =

          0.90

acos(pi/3)

ans =

             0

1+2^4/1/2+sqrt(3) - 3

ans =

          7.73

(1+2^4)/(1/(2+sqrt(3)) - 3)

ans =

         -6.22

(1 + 1/2345)^2345

ans =

          2.72

exp(1)

ans =

          2.72

(1 + 10/23456)^23456

ans =

      21979.58

exp(10)

ans =

      22026.47

(sqrt(2)- 2^(1/4))/(2^(1/5)-2^(1/6))

ans =

          8.58

2^3^((1/3)*pi)

ans =

          8.82

((23/25) - (23/29)) /1.4 - ((3)/17-(27/28))

ans =

          0.88

((23/25) - (23/29)) /(1.4 - ((3)/(17-(27/28))))

ans =

          0.10

(0.5 - ((7.1 - (12/17))/(17-(27/(2+(3/7))))))/((3 + (4/19))/25) - (26/(29 + (23/33)))

ans =

         -5.45

(log(5 + sin(8)^2))^(1/6) + atan(5*pi)

ans =

          2.61

P=pi*6.32^2

P =

        125.48

p=2*pi*6.32

p =

         39.71

o=2*pi*6.32

o =

         39.71

p=4*pi*6.32^2

p =

        501.93

v=4/3*pi*6.32^3

v =

       1057.40

p=4*pi^2*7.33*22.54

p =

       6522.55

sin(pi/2)

ans =

          1.00

cos(pi/3)

ans =

          0.50

sind(78)

ans =

          0.98

tg(pi/9)
{??? Undefined function or method 'tg' for
input arguments of type 'double'.
} 
tan(pi/9)

ans =

          0.36

log(2,718)
{??? Error using ==> log
Too many input arguments.
} 
log(2.718)

ans =

          1.00

log(10)

ans =

          2.30

tand(89)

ans =

         57.29

asin(0.5)

ans =

          0.52

atan(10000)

ans =

          1.57

exp(exp(1))

ans =

         15.15

log(-4)

ans =

          1.39

(-16)^(1/2)

ans =

          0.00

asin(2)

ans =

          1.57

acos(-10)

ans =

          3.14

exp^2*pi*i
{??? Error using ==> exp
Not enough input arguments.
} 
builtin('cd','D:\Jarema Rydzewski-B¹czek');
builtin('cd','D:\Jarema Rydzewski-B¹czek\ProgUzytkowe');
builtin('cd','D:\Jarema Rydzewski-B¹czek\ProgUzytkowe\MatLab');
uiimport('D:\Jarema Rydzewski-B¹czek\ProgUzytkowe\MatLab\MatLab.txt')
uiopen('D:\Jarema Rydzewski-B¹czek\ProgUzytkowe\MatLab\MatLab.txt',1)
uiimport('D:\Jarema Rydzewski-B¹czek\ProgUzytkowe\MatLab\MatLab.txt')
