
	This is a Classroom License for instructional use only.
	Research and commercial use is prohibited.
>> ones(7,7)

ans =

     1     1     1     1     1     1     1
     1     1     1     1     1     1     1
     1     1     1     1     1     1     1
     1     1     1     1     1     1     1
     1     1     1     1     1     1     1
     1     1     1     1     1     1     1
     1     1     1     1     1     1     1

>> a=ones(7,7)

a =

     1     1     1     1     1     1     1
     1     1     1     1     1     1     1
     1     1     1     1     1     1     1
     1     1     1     1     1     1     1
     1     1     1     1     1     1     1
     1     1     1     1     1     1     1
     1     1     1     1     1     1     1

>> a=(3,4)
??? a=(3,4)
        |
Error: Expression or statement is incorrect--possibly unbalanced (, {, or [.
 
>> a(3,4)

ans =

     1

>> a(6,3)=pi

a =

    1.0000    1.0000    1.0000    1.0000    1.0000    1.0000    1.0000
    1.0000    1.0000    1.0000    1.0000    1.0000    1.0000    1.0000
    1.0000    1.0000    1.0000    1.0000    1.0000    1.0000    1.0000
    1.0000    1.0000    1.0000    1.0000    1.0000    1.0000    1.0000
    1.0000    1.0000    1.0000    1.0000    1.0000    1.0000    1.0000
    1.0000    1.0000    3.1416    1.0000    1.0000    1.0000    1.0000
    1.0000    1.0000    1.0000    1.0000    1.0000    1.0000    1.0000

>> b=A(1:3,2:6)
??? Undefined function or method 'A' for input arguments of type
'double'.
 
>> b=a(1:3,2:6)

b =

     1     1     1     1     1
     1     1     1     1     1
     1     1     1     1     1

>> c=a(:,1:3)

c =

    1.0000    1.0000    1.0000
    1.0000    1.0000    1.0000
    1.0000    1.0000    1.0000
    1.0000    1.0000    1.0000
    1.0000    1.0000    1.0000
    1.0000    1.0000    3.1416
    1.0000    1.0000    1.0000

>> d=a(4:7,:)

d =

    1.0000    1.0000    1.0000    1.0000    1.0000    1.0000    1.0000
    1.0000    1.0000    1.0000    1.0000    1.0000    1.0000    1.0000
    1.0000    1.0000    3.1416    1.0000    1.0000    1.0000    1.0000
    1.0000    1.0000    1.0000    1.0000    1.0000    1.0000    1.0000

>> d=a([1 3 5],[2 4])

d =

     1     1
     1     1
     1     1

>> e=a([1 2 1 4 1 5],[:])
??? e=a([1 2 1 4 1 5],[:])
                       |
Error: Unexpected MATLAB operator.
 
>> e=a([1 2 1 4 1 5],:)

e =

     1     1     1     1     1     1     1
     1     1     1     1     1     1     1
     1     1     1     1     1     1     1
     1     1     1     1     1     1     1
     1     1     1     1     1     1     1
     1     1     1     1     1     1     1

>> f=logical([1 0 1 0 0 1,0 1 0 1 1])

f =

     1     0     1     0     0     1     0     1     0     1     1

>> f=a(logical([1 0 1 0 0 1,0 1 0 1 1]))

f =

     1     1     1     1     1     1

>> f=a(logical([1 0 1 0 0 1]),logical([0 1 0 1 1]))

f =

     1     1     1
     1     1     1
     1     1     1

>> f=a(logical([1 0 1 0 0 1]),logical([0 1 0 1 1]))

f =

     1     1     1
     1     1     1
     1     1     1

>> V=a(:)

V =

    1.0000
    1.0000
    1.0000
    1.0000
    1.0000
    1.0000
    1.0000
    1.0000
    1.0000
    1.0000
    1.0000
    1.0000
    1.0000
    1.0000
    1.0000
    1.0000
    1.0000
    1.0000
    1.0000
    3.1416
    1.0000
    1.0000
    1.0000
    1.0000
    1.0000
    1.0000
    1.0000
    1.0000
    1.0000
    1.0000
    1.0000
    1.0000
    1.0000
    1.0000
    1.0000
    1.0000
    1.0000
    1.0000
    1.0000
    1.0000
    1.0000
    1.0000
    1.0000
    1.0000
    1.0000
    1.0000
    1.0000
    1.0000
    1.0000

>> G=a(1:6,1:6)

G =

    1.0000    1.0000    1.0000    1.0000    1.0000    1.0000
    1.0000    1.0000    1.0000    1.0000    1.0000    1.0000
    1.0000    1.0000    1.0000    1.0000    1.0000    1.0000
    1.0000    1.0000    1.0000    1.0000    1.0000    1.0000
    1.0000    1.0000    1.0000    1.0000    1.0000    1.0000
    1.0000    1.0000    3.1416    1.0000    1.0000    1.0000

>> G=(4x9)
??? G=(4x9)
        |
Error: Unexpected MATLAB expression.
 
>> G=4x9
??? G=4x9
       |
Error: Unexpected MATLAB expression.
 
>> repshape(G,(4x9))
??? repshape(G,(4x9))
                 |
Error: Unexpected MATLAB expression.
 
>> repshape(G,4,9)
??? Undefined function or method 'repshape' for input arguments of type
'double'.
 
>> reshape(G,4,9)

ans =

  Columns 1 through 7

    1.0000    1.0000    1.0000    1.0000    1.0000    1.0000    1.0000
    1.0000    1.0000    1.0000    1.0000    3.1416    1.0000    1.0000
    1.0000    1.0000    1.0000    1.0000    1.0000    1.0000    1.0000
    1.0000    1.0000    1.0000    1.0000    1.0000    1.0000    1.0000

  Columns 8 through 9

    1.0000    1.0000
    1.0000    1.0000
    1.0000    1.0000
    1.0000    1.0000

>> reshape(G,9,4)

ans =

    1.0000    1.0000    1.0000    1.0000
    1.0000    1.0000    1.0000    1.0000
    1.0000    1.0000    1.0000    1.0000
    1.0000    1.0000    1.0000    1.0000
    1.0000    1.0000    1.0000    1.0000
    1.0000    1.0000    1.0000    1.0000
    1.0000    1.0000    1.0000    1.0000
    1.0000    1.0000    1.0000    1.0000
    1.0000    3.1416    1.0000    1.0000

>> reshape(G,2,18)

ans =

  Columns 1 through 7

    1.0000    1.0000    1.0000    1.0000    1.0000    1.0000    1.0000
    1.0000    1.0000    1.0000    1.0000    1.0000    1.0000    1.0000

  Columns 8 through 14

    1.0000    1.0000    1.0000    1.0000    1.0000    1.0000    1.0000
    1.0000    3.1416    1.0000    1.0000    1.0000    1.0000    1.0000

  Columns 15 through 18

    1.0000    1.0000    1.0000    1.0000
    1.0000    1.0000    1.0000    1.0000

>> reshape(G,18,2)

ans =

    1.0000    1.0000
    1.0000    1.0000
    1.0000    1.0000
    1.0000    1.0000
    1.0000    1.0000
    1.0000    1.0000
    1.0000    1.0000
    1.0000    1.0000
    1.0000    1.0000
    1.0000    1.0000
    1.0000    1.0000
    1.0000    1.0000
    1.0000    1.0000
    1.0000    1.0000
    1.0000    1.0000
    1.0000    1.0000
    1.0000    1.0000
    3.1416    1.0000

>> 